batch_size: 128
dropout_rate: 0.13819724880624307
h_dim_0: 1269
latent_dim: 249
lr: 0.0007142529767872572
n_hidden_layers: 1
